 N =         1003
   7.6293945312500000E-006
   5.9485435485839844E-004
   8.7881088256835938E-004
   1.6572475433349609E-003
   2.9995441436767578E-003
   3.2286643981933594E-003
   4.2538642883300781E-003
   4.8155784606933594E-003
   5.5880546569824219E-003
   6.0791969299316406E-003
   6.3414573669433594E-003
   7.6980590820312500E-003
   9.3474388122558594E-003
   9.6077919006347656E-003
   1.1316061019897461E-002
   1.1530399322509766E-002
   1.4950513839721680E-002
   1.5867471694946289E-002
   1.7944335937500000E-002
   1.8915891647338867E-002
